$ 1 0.0000010000000000000002 12.050203812241895 50 5 50 5e-11
f -272 64 -224 64 32 1.5 0.02
R -544 -80 -592 -80 0 0 40 5 0 0 0.5
w -224 48 -224 16 0
l -288 16 -224 16 0 0.00021 -1.0821382995403455e-7 0
d -224 16 -160 16 2 1N5711
w -160 128 -224 128 0
g -224 208 -224 224 0 0
O -48 16 -48 -32 1 0
v -272 128 -272 64 0 2 14000 5 5 0 0.13
209 -160 16 -160 128 4 0.000001 11.950003648824161 0 0.1 1
r -368 16 -288 16 0 0.5
O 288 80 336 80 1 0
w -400 -80 -400 -48 0
w -400 -16 -400 16 0
370 -224 128 -224 208 3 0 0
w -224 128 -272 128 0
209 -368 48 -368 96 4 0.000047 3.261365403805107 0 0 1
w -368 128 -272 128 0
w -368 48 -368 16 0
f -448 -32 -400 -32 32 1.5 0.4
w -224 80 -224 128 0
409 160 80 288 80 1 0.6 -3.5733451763354025 0.0231 0
34 zener-12 1 3.15e-7 0 2.0299999999998932 12 1
z -48 96 -48 48 2 zener-12
w 32 128 -48 128 0
w -160 16 -96 16 0
w -160 128 -96 128 0
w -96 16 -48 16 0
w -96 128 -48 128 0
w 224 112 224 128 0
w -48 48 -48 16 0
w -48 96 -48 128 0
w 32 16 -48 16 0
w 160 64 160 -48 0
w 288 -48 288 80 0
r 208 -48 256 -48 0 100000
w 256 -48 288 -48 0
w 208 -48 160 -48 0
O 112 96 112 32 1 0
w 288 128 224 128 0
S -448 -32 -512 -32 0 1 false 0 2
w -368 16 -400 16 0
w -512 -48 -512 -80 0
w -512 -80 -544 -80 0
w -512 -80 -400 -80 0
w -512 -16 -512 128 0
w -512 128 -368 128 0
w -368 96 -368 128 0
174 32 48 80 112 1 10000 0.9950000000000001 Resistance
w 32 112 32 128 0
w 112 96 160 96 0
w 112 96 96 96 0
w 96 96 96 80 0
w 96 80 80 80 0
w 224 16 32 16 0
w 32 48 32 -80 0
w 32 -80 -400 -80 0
w 160 64 144 64 0
r 144 64 144 112 0 60000
w 144 112 144 128 0
w 144 128 224 128 0
w 144 128 32 128 0
w 224 16 224 48 0
o 8 4 0 53250 10 0.1 0 2 8 3
o 7 4 0 20482 20 0.1 1 1
o 14 4 0 20481 0.0001 0.12876334272090306 2 2 14 3
38 8 F1 5 0 100 -1 Duty\sCycle
