$ 1 0.000005 0.9487735836358526 63 10 50 5e-11
165 224 160 272 160 4 0
w 224 192 192 192 0
r 192 192 192 256 0 10000
w 192 256 224 256 0
w 192 256 192 288 0
w 192 288 224 288 0
w 192 288 192 368 0
c 192 368 192 416 4 4.700000000000001e-9 2.329843989757637 0 0
g 192 416 192 432 0 0
r 192 192 192 128 0 1000
34 fwdrop\q0.5 1 4.352000000000001e-9 0 1.0040779954438632 75 1
d 112 192 112 256 2 fwdrop\q0.5
R 288 64 288 32 0 0 40 5 0 0 0.5
O 352 224 416 224 0 0
g 320 320 320 336 0 0
w 288 128 352 128 0
w 352 128 352 192 0
370 288 64 288 128 3 0 0
w 192 128 288 128 0
r 112 256 112 304 0 1000
w 112 192 192 192 0
w 112 304 160 304 0
w 160 304 160 256 0
w 160 256 192 256 0
c 288 320 288 416 4 1e-7 3.333333333333252 0.001 0
w 288 416 192 416 0
o 7 1 0 4099 10 0.003125 0 2 7 3
o 12 1 0 36874 5 0.00009765625 1 1
